GRETSEm 66666 amens. ’

Μ... Ι

· Ἆβ 66666666 846 6116666666681,16. 854
666666 διαιοιοίζοοοαο 66166 75, 5 ἀλλάσσειν 67, 18. 185. 818.
6661666868. 6116666,ο1166166 85, 17. 37, 7. 9.
3111υ94τ3ν 38 1⁰ 663311 1195, 88. 857.
6616661696 17. 6661666666 μετα- 6666686166 6666166616 6666666

λαμβάνειν 79, 9. 164.
6166666816 68666 806 6626168166,’ 6666116, ἅμηραῖος 848.
6 ιος
61166166180. ’ 66666116149. 876.
6166666166 78 1. 5. 880 61661 99,10.101,11. ·
686661ῃέ6 89έ519.,80, 5. 6166861866 78, 8. 89, 10. 91, 16.
6 666 ια ειν
6666666666 85, 1. 198. 616666τό4 801800 81, 80 889.
οἳὸνούμιον 198. 616681βᾶ867, 80. 8, 4. 11. 81.
61166666 6666666 855. 6666666668617 18.
6166166616 14, 9888. 411080018118104160111018817.
666 15, 11. 881. 8661606 08 not.

6166 6611066 1666666666 6166- 61616666 81, 18. 854. 6666666661

666 πεπληρωμένα 8666666666 31, 17. 49, 4.

168. 66666116666141, 14.

αἱμαχθῆναι 61 6666616666ποῦ... 6166016166 44, 4.

66 βασιλέα 89, 13. , 6166166666 874

· 1166616666 6666166666 66666616 1661016666 βασιλικοὶ 98, 18.

66166666 881. 884. 66661666 801.

6166618666 8116616666 301 ἄναστᾶσιμον 6606616100 73, 18.
666668630161666661666 τῶν 666616 1161606
311331167118111663136 661 66666ιεῖ6 6666666616
uuemgtcagssto'ffw 354 66131160100 149.

111166πό τῆς 1166366 ’.1686166 6666661666 45, 81.

880. 61666168, 1518, 8.
6116861680, 81. ἄνευ 3’ 61461666 61106, 16.
6λ16661,ο11λο16666667, 19. 68, 66616666 ἔστιρητ 108, 10.

10 813.. 6161661666 84,18.

6116666800. 61661 τῆς 666666 λογίζεται 666661-

, 86616. cumputat. 16 011685

 

